[-1,4,0]
-1,0,0,-1|||A2.tscn
[0,4,0]
1,0,-1,-1|||A2.tscn
[1,4,0]
1,1,1,0|||A3.tscn
[2,4,0]
0,-1,1,0|||A4.tscn
[-4,-3,0]
-1,0,0,0|||StartingPoint.tscn
[-4,2,0]
-1,0,0,0|||A1Left.tscn
[-3,-3,0]
-1,0,-1,0|||StartingPoint.tscn
[-3,2,0]
-1,0,-1,0|||A1Left.tscn
[-2,-3,0]
-1,0,-1,0|||StartingPoint.tscn
[-2,2,0]
1,0,-1,0|||A1Left.tscn
[-1,-3,0]
0,1,-1,0|||StartingPoint.tscn
[-1,-2,0]
0,-1,0,1|||AEntrance.tscn
[-1,-1,0]
0,-1,0,-1|||AEntrance.tscn
[-1,0,0]
0,-1,0,-1|||AEntrance.tscn
[-1,1,0]
0,1,0,-1|||AEntrance.tscn
[-1,2,0]
1,1,1,1|||A1Center.tscn
[-1,3,0]
-1,-1,1,1|||A2.tscn
[0,2,0]
0,0,1,0|||A1Right.tscn
[0,3,0]
0,-1,-1,0|||A2.tscn
[-2,3,0]
1,0,0,0|||
[0,5,0]
-1,0,0,0|||
[1,5,0]
0,1,-1,1|||
[0,6,0]
-1,0,0,0|||
[1,6,0]
1,0,-1,1|||
[2,5,0]
0,-1,0,-1|||A4.tscn
[2,6,0]
1,0,1,-1|||A4.tscn
